0
0.0285968
0.0571648
0.0856752
0.114099
0.142409
0.170574
0.198569
0.226363
0.253929
0.28124
0.308267
0.334984
0.361364
0.387379
0.413005
0.438215
0.462984
0.487286
0.511098
0.534395
0.557154
0.579352
0.600967
0.621977
0.64236
0.662096
0.681166
0.69955
0.71723
0.734187
0.750405
0.765868
0.780559
0.794465
0.80757
0.819862
0.831329
0.841959
0.851741
0.860665
0.868723
0.875906
0.882207
0.887619
0.892138
0.895759
0.898477
0.900291
0.901199
0.901199
0.900291
0.898477
0.895759
0.892138
0.887619
0.882207
0.875906
0.868723
0.860665
0.851741
0.841959
0.831329
0.819862
0.80757
0.794465
0.780559
0.765868
0.750405
0.734187
0.71723
0.69955
0.681166
0.662096
0.64236
0.621977
0.600967
0.579352
0.557154
0.534395
0.511098
0.487286
0.462984
0.438215
0.413005
0.387379
0.361364
0.334984
0.308267
0.28124
0.253929
0.226363
0.198569
0.170574
0.142409
0.114099
0.0856752
0.0571648
0.0285968
-3.21625e-16