   0.00000000    
   2.87464280E-02
   5.74639104E-02
   8.61235335E-02
  0.114696443    
  0.143153876    
  0.171467140    
  0.199607775    
  0.227547392    
  0.255257875    
  0.282711357    
  0.309880167    
  0.336736947    
  0.363254666    
  0.389406592    
  0.415166438    
  0.440508246    
  0.465406477    
  0.489836127    
  0.513772488    
  0.537191510    
  0.560069621    
  0.582383752    
  0.604111493    
  0.625230968    
  0.645720840    
  0.665560544    
  0.684730053    
  0.703210056    
  0.720981956    
  0.738027871    
  0.754330635    
  0.769873917    
  0.784641981    
  0.798619986    
  0.811793864    
  0.824150264    
  0.835676908    
  0.846362114    
  0.856195033    
  0.865165830    
  0.873265564    
  0.880485952    
  0.886819780    
  0.892260671    
  0.896803200    
  0.900442660    
  0.903175473    
  0.904998899    
  0.905911088    
  0.905911088    
  0.904998899    
  0.903175473    
  0.900442660    
  0.896803200    
  0.892260671    
  0.886819780    
  0.880485952    
  0.873265505    
  0.865165770    
  0.856194973    
  0.846362054    
  0.835676849    
  0.824150205    
  0.811793804    
  0.798619926    
  0.784641922    
  0.769873857    
  0.754330575    
  0.738027811    
  0.720981896    
  0.703209996    
  0.684729993    
  0.665560544    
  0.645720840    
  0.625230968    
  0.604111552    
  0.582383811    
  0.560069680    
  0.537191570    
  0.513772547    
  0.489836156    
  0.465406507    
  0.440508246    
  0.415166438    
  0.389406562    
  0.363254637    
  0.336736917    
  0.309880137    
  0.282711327    
  0.255257845    
  0.227547333    
  0.199607730    
  0.171467111    
  0.143153861    
  0.114696428    
   8.61235186E-02
   5.74639067E-02
   2.87464261E-02
   0.00000000    
